38 0.5044742729306487 0.5257270693512304 0.10738255033557045 0.12751677852348997
17 0.4021252796420582 0.45078299776286357 0.09955257270693516 0.033557046979865744
18 0.5833333333333335 0.4485458612975391 0.10402684563758392 0.02908277404921698
36 0.5022371364653244 0.6219239373601789 0.20805369127516776 0.06487695749440711
6 0.23881431767337807 0.43568232662192385 0.09731543624161074 0.16666666666666663
7 0.7237136465324386 0.40659955257270697 0.05145413870246088 0.1666666666666667
19 0.3976510067114094 0.4099552572706935 0.10626398210290823 0.030201342281879137
20 0.5883668903803132 0.4138702460850112 0.11856823266219245 0.02684563758389267
24 0.48825503355704697 0.6694630872483223 0.38143176733780765 0.1733780760626398
12 0.4921700223713647 0.488255033557047 0.38255033557046986 0.5447427293064878
30 0.46420580802081146 0.1501278362551525 0.43847876427157617 0.12256311943600375
3 0.4692393736017897 0.4138702460850112 0.4731543624161074 0.7024608501118569
26 0.473154353882109 0.474352830208388 0.47651008418209073 0.5926813641917252
42 0.49049217002237144 0.4988814317673378 0.37919463087248334 0.5615212527964206
