17 0.4082774049217002 0.44686800894854584 0.08501118568232656 0.04586129753914989
18 0.5704697986577181 0.4446308724832215 0.0715883668903804 0.05928411633109618
36 0.49328859060402686 0.6263982102908278 0.1409395973154362 0.07829977628635348
19 0.41722595078299773 0.40883668903803133 0.11856823266219237 0.0212527964205816
20 0.5654362416107382 0.40324384787472034 0.07718120805369132 0.01901565995525729
24 0.423937360178971 0.6482102908277405 0.34675615212527966 0.17785234899328856
28 0.38926174496644295 0.2477628635346756 0.4787472035794184 0.2718120805369128
11 0.44630872391581233 0.5536912753968858 0.33333333333333326 0.35570469798657717
0 0.40995524873669514 0.45813359083478616 0.4015660125937238 0.5580057489791972
25 0.41331095343468177 0.4564557384857928 0.41051455845502133 0.568072863073157
