38 0.49944071588366895 0.5134228187919463 0.09284116331096193 0.13422818791946306
17 0.3909395973154362 0.4569351230425056 0.10402684563758392 0.03243847874720352
18 0.575503355704698 0.45637583892617445 0.09284116331096193 0.033557046979865744
36 0.488814317673378 0.6303131991051455 0.1498881431767338 0.06375838926174496
6 0.2259507829977629 0.5195749440715883 0.07382550335570474 0.13982102908277405
7 0.6644295302013422 0.5218120805369127 0.026845637583892596 0.13534675615212527
19 0.39876957494407156 0.4272930648769575 0.11297539149888138 0.02908277404921705
20 0.5727069351230425 0.4267337807606264 0.087248322147651 0.030201342281879276
24 0.4608501118568232 0.6616331096196868 0.3870246085011185 0.1733780760626398
34 0.4401565995525727 0.2147651006711409 0.4865771812080537 0.17897091722595074
12 0.47930648769574946 0.5212527964205816 0.354586129753915 0.4451901565995526
3 0.44295301060746056 0.4598114432601463 0.45861299245949566 0.5792585453997788
42 0.47762863534675615 0.5296420581655481 0.348993288590604 0.4418344519015659
