38 0.512863534828349 0.5251677845475975 0.09507829977628632 0.0973154362416107
38 0.7690156598788903 0.5324384781362687 0.057046979865772014 0.044742729306487664
17 0.40883668903803133 0.4614093959731544 0.08612975391498878 0.06375838926174496
17 0.7231543624161074 0.4966442953020135 0.04362416107382558 0.0357941834451902
18 0.5676733780760626 0.46420581655480986 0.05257270693512311 0.05816554809843396
18 0.8221476510067114 0.4932885906040268 0.05592841163310951 0.040268456375838965
36 0.5078299776286354 0.6532438478747205 0.1521252796420582 0.08948545861297547
36 0.7751677852348994 0.5917225950782998 0.10514541387024594 0.044742729306487664
6 0.25838926174496646 0.5704697986577182 0.06487695749440718 0.12751677852348997
7 0.91331096196868 0.5279642058165548 0.04809843400447434 0.08724832214765094
19 0.40827740453986594 0.4060402690673108 0.1185682326621923 0.033557046979865744
19 0.7214765100671141 0.46420581655480986 0.05145413870246088 0.022371364653243832
20 0.8204697986577182 0.4647651003656734 0.06823266219239371 0.02572706935123037
20 0.5587248322147651 0.4105145413870246 0.06375838926174503 0.040268456375838896
24 0.4457494407158837 0.697427293064877 0.2762863534675616 0.17114093959731547
24 0.7947427293064877 0.6090604026845639 0.180089485458613 0.09731543624161076
16 0.43400447335652814 0.5782997762863534 0.33333333333333326 0.40939597315436255
15 0.7908277404921701 0.5274049217002237 0.2080536912751677 0.2628635346756152
4 0.7897091722595079 0.5257270693512305 0.2192393736017897 0.27069351230425054
4 0.43344519015659955 0.5788590604026845 0.3389261744966443 0.41722595078299773
31 0.4295302013422819 0.3092841163310962 0.32214765100671144 0.1062639821029083
31 0.7729306487695748 0.3445190156599553 0.25727069351230425 0.07829977628635348
40 0.4306487695749441 0.5743847874720358 0.34675615212527966 0.423937360178971
40 0.7869127516778524 0.524049217002237 0.22035794183445176 0.26957494407158833
