38 0.4916107382550335 0.511744966442953 0.10402684563758392 0.10626398210290823
17 0.3931767337807607 0.4451901565995526 0.08165548098434008 0.049217002237136424
18 0.5861297539149888 0.44742729306487694 0.10514541387024608 0.049217002237136424
36 0.4988814317673378 0.6297539149888144 0.15883668903803128 0.04474272930648773
6 0.28635346756152125 0.5391498881431767 0.05369127516778526 0.13870246085011181
7 0.738814317673378 0.5363534675615214 0.05257270693512297 0.15324384787472034
19 0.39149888143176736 0.4049217002237137 0.10738255033557045 0.020134228187919448
20 0.5838926174496644 0.40380313199105144 0.12080536912751669 0.02908277404921698
24 0.5072706935123042 0.6722595078299776 0.3791946308724832 0.2259507829977629
28 0.506152125279642 0.18736017897091725 0.40380313199105156 0.1353467561521253
14 0.5072706935123042 0.5855704697986578 0.3859060402684564 0.40156599552572714
0 0.5095078299776287 0.4558165548098434 0.37695749440715887 0.6722595078299776
26 0.5128635346756151 0.4552572706935123 0.3791946308724831 0.6733780760626398
42 0.5134228187919463 0.5262863534675616 0.389261744966443 0.5425055928411634
