38 0.5055928413160448 0.5346756147543268 0.12304250559284113 0.09395973154362423
17 0.41331096196868006 0.4563758389261745 0.0838926174496644 0.03803131991051458
18 0.5794183445190157 0.4513422818791946 0.09619686800894854 0.03243847874720352
36 0.49328859060402686 0.6325503355704698 0.1543624161073825 0.06375838926174496
6 0.2410514532223 0.5044742730833824 0.10850111856823265 0.17225950782997757
19 0.40604026845637586 0.40939597315436244 0.12975391498881436 0.03803131991051451
20 0.5810961969443758 0.41163310961968674 0.10850111856823261 0.02908277404921698
24 0.4574944071588367 0.6694630872483223 0.3400447427293065 0.19351230425055932
29 0.4233780760626398 0.1817673378076063 0.37024608501118567 0.13982102908277405
12 0.46868008948545864 0.5302013422818791 0.31767337807606266 0.47874720357941825
0 0.4384787466702045 0.4485458612975392 0.3870246095678684 0.6487695749440716
26 0.45413870192747524 0.45469798657718113 0.3557046990533269 0.6431767337807606
