38 0.511744966442953 0.5257270693512305 0.11297539149888153 0.08277404921700224
17 0.412751677852349 0.4563758389261745 0.0894854586129754 0.055928411633109645
18 0.5799776286353467 0.45469798657718113 0.08165548098434008 0.04809843400447427
19 0.4099552572706935 0.4082774049217002 0.11297539149888144 0.02908277404921705
20 0.5822147651006712 0.407158836689038 0.10850111856823261 0.03579418344519013
6 0.2930648769574944 0.5548098434004474 0.07382550335570472 0.1767337807606264
7 0.6795302013422818 0.5385906040268457 0.032438478747203445 0.15324384787472034
36 0.5083892617449665 0.6364653249957224 0.15548098434004473 0.04697986577181212
29 0.48154362721574884 0.19742729390491254 0.29194630872483224 0.05480984340044742
14 0.5033557046979866 0.5011185682326622 0.30872483221476515 0.5279642058165548
0 0.4938478747203579 0.459731543624161 0.34563758389261734 0.6107382550335569
42 0.506152125279642 0.5167785234899328 0.3255033557046979 0.5055928411633109
