38 0.49776286307647444 0.5419463084957316 0.08053691275167793 0.07494407158836687
17 0.42561521252796425 0.4753914988814318 0.06152125279642057 0.03803131991051458
18 0.5743847874720358 0.48434004474272924 0.07270693512304248 0.04250559284116328
36 0.4899328859060402 0.6319910514541387 0.11633109619686792 0.05145413870246088
6 0.30145413870246085 0.5016778523489933 0.057046979865771806 0.13087248322147652
19 0.43791946308724833 0.4256152125279642 0.08836689038031324 0.04586129753914989
20 0.5850111856823266 0.4435123042505593 0.08948545861297533 0.03243847874720359
24 0.4865771812844206 0.6577181207290024 0.3199105145413871 0.15659955257270702
31 0.5022371363125906 0.2880313217433194 0.3422818791946309 0.20917225950782994
12 0.4916107382550336 0.5687919463087248 0.31431767337807615 0.3411633109619685
5 0.49496644295302017 0.5721476510067114 0.32550335570469807 0.3501118568232662
25 0.494407158836689 0.5727069351230425 0.3243847874720358 0.35123042505592844
42 0.4960850111856823 0.5732662192393737 0.3322147651006712 0.35234899328859065
