38 0.5067114093196063 0.524608500049432 0.087248322147651 0.087248322147651
17 0.4043624161073825 0.44742729306487694 0.08836689038031316 0.03803131991051458
18 0.5553691275167786 0.4233780760626398 0.0749440715883668 0.04809843400447427
36 0.49384787472035796 0.6409395973154364 0.13982102908277405 0.05816554809843396
6 0.18008948545861297 0.47427293064876963 0.12080536912751677 0.16554809843400442
34 0.36521252796420584 0.12136465324384788 0.4060402684563759 0.13087248322147652
24 0.4149888143176733 0.6767337807606265 0.3601789709172259 0.20357941834451893
14 0.43568232570552157 0.5570469799421387 0.34563758389261745 0.4384787472035794
3 0.3982102910580344 0.4038031345875251 0.4093959742211123 0.6823266219239374
42 0.44407158836689037 0.5022371364653244 0.3467561521252797 0.5682326621923938
26 0.41107382496998085 0.45973154362416113 0.4127516789190988 0.6532438478747205
