38 0.4942084942084942 0.5241312741312741 0.08108108108108113 0.10231660231660228
17 0.4140926640926641 0.46138996138996136 0.0945945945945946 0.04247104247104239
18 0.5859073359073359 0.45752895752895756 0.10231660231660221 0.054054054054054106
36 0.5038610038610039 0.638030888030888 0.16216216216216225 0.07142857142857131
6 0.3368725868725868 0.5482625482625483 0.05598455598455598 0.14671814671814673
7 0.721042471042471 0.5125482625482626 0.05598455598455601 0.16795366795366803
20 0.5897683397683398 0.40540540540540543 0.1332046332046332 0.06177606177606179
19 0.41023166023166024 0.4140926640926641 0.12548262548262548 0.044401544401544445
24 0.5231660231660231 0.6650579150579151 0.43629343629343625 0.1949806949806949
27 0.5337837837837839 0.2857142857142857 0.43822393822393835 0.27413127413127414
12 0.527027027027027 0.45463320463320467 0.43629343629343625 0.6196911196911198
0 0.5250965250965252 0.45077220077220076 0.4478764478764478 0.6235521235521236
43 0.5260617760617761 0.44980694980694985 0.4536679536679537 0.6293436293436294
26 0.5250965250965252 0.4517374517374517 0.4594594594594595 0.6332046332046332
