38 0.4979050281710744 0.5111731835241448 0.10195530726256984 0.1452513966480447
17 0.40083798882681565 0.45530726256983245 0.10893854748603346 0.03910614525139671
18 0.599860335076474 0.45879888303873445 0.0991620111731843 0.0432960893854748
36 0.4986033519553073 0.6319832402234637 0.20391061452513967 0.07960893854748598
6 0.30726256983240224 0.5069832402234637 0.05865921787709496 0.16759776536312856
7 0.7248603351955307 0.5006983240223464 0.04748603351955296 0.17737430167597765
19 0.3931564245810055 0.40921787733308546 0.11592178770949722 0.036312849162011177
20 0.6110335195530726 0.41061452513966484 0.12150837988826815 0.05865921787709503
24 0.5090782122905029 0.6766759776536313 0.36452513966480443 0.22765363128491622
31 0.5069832402234637 0.26187150837988826 0.43296089385474856 0.26117318435754194
12 0.5125698324022346 0.5586592178770949 0.37709497206703924 0.46648044692737434
5 0.5160614525139665 0.5621508379888269 0.38687150837988826 0.47067039106145253
42 0.5146648044692738 0.5565642458100558 0.3952513966480447 0.4762569832402235
26 0.5167597765363129 0.5914804469273743 0.393854748603352 0.41480446927374287
