38 0.5111856823266219 0.5218120805369127 0.07829977628635348 0.11968680089485467
17 0.4021252796420582 0.4563758389261745 0.11968680089485453 0.07158836689038026
18 0.5956375838926175 0.4535794183445191 0.09507829977628646 0.05928411633109626
36 0.506152125279642 0.6437360178970917 0.1823266219239374 0.0749440715883668
19 0.4043624161073825 0.4099552572706935 0.13982102908277405 0.03914988814317674
7 0.6968680092540134 0.4815436239319732 0.0447427293064878 0.15995525727069343
24 0.5151006711409396 0.674496644295302 0.36577181208053694 0.21923937360178974
28 0.4871364654007516 0.20302013606099278 0.5022371364653243 0.23601789709172255
20 0.5911633109619686 0.4043624161073825 0.12639821029082768 0.03914988814317674
6 0.29082774049217003 0.4865771812080537 0.08277404921700224 0.17002237136465317
5 0.49217002076766037 0.435123043040161 0.4563758389261745 0.6868008948545863
12 0.49944070734967055 0.4491850449734887 0.4642058336228066 0.6653882993147678
