38 0.5044742732361163 0.5257270693512305 0.08277404921700224 0.10961968680089484
17 0.4133109619686801 0.4491051454138703 0.10178970917225953 0.03914988814317674
18 0.5822147651006712 0.4401565995525727 0.0704697986577181 0.03691275167785236
36 0.5022371364653243 0.6291946308724832 0.13870246085011181 0.050335570469798585
6 0.22930648769574943 0.4860178970917226 0.09395973154362416 0.1733780760626398
19 0.41834451901566 0.4110738255033557 0.11633109619686799 0.03691275167785236
20 0.5816554809843401 0.4121923937360179 0.10067114093959724 0.02572706935123037
24 0.4524608501118568 0.6532438478747202 0.39709172259507824 0.1498881431767338
34 0.4558165545043758 0.17058165765744004 0.4753914988814316 0.20022371295923033
14 0.47651006711409394 0.5022371364653243 0.35346756152125275 0.4608501118568232
3 0.44407158836689037 0.40939597315436244 0.4317673378076063 0.6532438478747205
42 0.4787472035794184 0.5050335570469798 0.3668903803131991 0.47091722595078295
26 0.4725950782997763 0.494407158836689 0.38366890380313196 0.48993288590604017
