38 0.4966442953020135 0.524049217002237 0.12080536912751676 0.08165548098433995
17 0.4088366890380313 0.44910514541387025 0.09284116331096193 0.04138702460850112
18 0.5911633109619686 0.45022371364653246 0.09060402684563755 0.04138702460850112
36 0.5083892617449665 0.6431767337807607 0.16890380313199102 0.0581655480984341
19 0.39653243886058154 0.4133109624268813 0.11744966442953014 0.02348993288590606
20 0.5978747203579418 0.4054809843400447 0.12416107382550337 0.030201342281879207
23 0.49832214765100674 0.6006711409395973 0.24720357941834442 0.049217002237136424
29 0.5167785234899328 0.2175615212527964 0.3803131991051455 0.13087248322147652
12 0.5134228187919463 0.5721476510067114 0.3646532438478747 0.3680089485458613
2 0.5391498840193658 0.45637583869707393 0.4384787472035795 0.6152125279642059
6 0.3131991051454138 0.5329977628635346 0.06935123042505591 0.13534675615212527
7 0.755592841163311 0.54082774049217 0.09060402684563755 0.12416107382550337
26 0.5402684478418405 0.4603707273001105 0.42953021841027855 0.6072227512163336
42 0.524049217002237 0.5469798657718121 0.3456375838926175 0.4451901565995525
