38 0.4972035794183445 0.5128635342937808 0.09060402684563755 0.0838926174496644
17 0.42561521252796425 0.4608501118568233 0.06375838926174503 0.026845637583892596
18 0.5900447427293065 0.45749440715883666 0.08165548098434008 0.040268456375838965
36 0.49328859060402686 0.6308724832214765 0.1364653243847876 0.07158836689038026
19 0.42897091722595077 0.41498881431767337 0.08389261744966447 0.02908277404921705
20 0.6029082774049218 0.3998881431767337 0.1208053691275169 0.050335570469798585
24 0.5346756152125279 0.6918344519015659 0.31767337807606266 0.21364653243847884
33 0.5626398210290827 0.25782997762863535 0.35346756152125264 0.09507829977628635
15 0.5318791930271682 0.5682326623451275 0.32774049217002243 0.39597315436241604
34 0.5469798657718121 0.5531319910514542 0.29753914988814306 0.4910514541387025
5 0.5419463087248322 0.5089485458612976 0.32326621923937343 0.5995525727069352
25 0.5425055928411633 0.511185682326622 0.3221476510067113 0.5950782997762863
