38 0.5004557052722092 0.5197828168800787 0.12353833974556146 0.08992246498486445
17 0.4134752595565729 0.4538116626048354 0.09580524306798643 0.03529666849873188
18 0.5941605863953191 0.4479288845217134 0.09580524306798643 0.04706222466497579
36 0.5054987167139808 0.6403797675267036 0.1537926270301888 0.05042381214104523
22 0.5046583198449635 0.6760966344599442 0.21766278907551304 0.20421643917123405
27 0.4962543511547892 0.20337339563764284 0.4143156564255904 0.13446349904278795
14 0.5033977245414374 0.5689460336602226 0.358009066201423 0.3815401785339106
5 0.49751494645831534 0.492469917776379 0.43364478441299115 0.5966817770023715
43 0.5063391135829983 0.5349099604650168 0.35716866933240554 0.5336520118260646
7 0.7024608501118569 0.5095078299776287 0.03131991051454122 0.1442953020134229
6 0.2885906040268456 0.5190156599552573 0.06711409395973149 0.15883668903803141
26 0.5067114093959733 0.5341163310961968 0.3601789709172261 0.5380313199105146
