38 0.500559284116331 0.6426174496644295 0.17785234899328864 0.08165548098434008
17 0.4133109619686801 0.4530201342281879 0.09507829977628632 0.04697986577181204
18 0.5967561521252798 0.4541387024608501 0.10402684563758392 0.05369127516778519
7 0.755592841163311 0.5302013422818791 0.05257270693512311 0.1431767337807606
19 0.41722595078299773 0.4099552572706935 0.11185682326621915 0.027964205816554823
20 0.5978747203579418 0.4105145413870246 0.10626398210290823 0.026845637583892596
27 0.5346756152125279 0.2069351230425056 0.3445190156599553 0.07829977628635344
14 0.5123042505592841 0.5436241610738256 0.36017897091722595 0.33109619686800906
2 0.5279642049765192 0.44183445190156606 0.3624161073825503 0.5458612975391499
26 0.5296420581655481 0.4451901565995526 0.37024608501118567 0.5525727069351231
39 0.529082774049217 0.4854586129753915 0.36689038031319915 0.483221476510067
