38 0.4932885909858612 0.5223713646532439 0.10961968680089491 0.0894854586129754
17 0.3970917225950783 0.4435123042505593 0.098434004474273 0.03914988814317674
18 0.5844519015659955 0.44407158836689037 0.09955257270693522 0.0492170022371365
36 0.49944071588366895 0.6605145413870247 0.22706935123042504 0.10850111856823261
6 0.25727069351230425 0.5167785234899328 0.09843400447427292 0.18344519015659955
7 0.7427293064876958 0.5195749440715884 0.08948545861297533 0.17114093959731547
19 0.395413870246085 0.4082774049217002 0.11968680089485453 0.024608501118568285
20 0.5950782997762863 0.4032438478747203 0.11633109619686792 0.030201342281879207
24 0.5005592841163312 0.7069351235770738 0.36577181208053694 0.214765100671141
29 0.4955257270693512 0.23434004474272932 0.4809843400447428 0.21588366890380314
12 0.4977628635346757 0.5727069351230425 0.3780760626398211 0.483221476510067
0 0.4955257271457171 0.4686800964730272 0.48769574226222884 0.695749426740746
26 0.4972035794183445 0.5682326621923938 0.39038031319910516 0.494407158836689
42 0.49944071573093507 0.5704697985049845 0.39038031319910516 0.49888143176733785
