38 0.5095078302067293 0.5162192389154004 0.09507829977628639 0.10402684563758392
17 0.4217002237136465 0.4541387024608501 0.08053691275167779 0.04250559284116335
18 0.5989932885906041 0.4519015659955257 0.08836689038031316 0.049217002237136424
36 0.5156599552572707 0.6297539149888144 0.1543624161073825 0.03803131991051458
6 0.33053691275167785 0.5089485458612976 0.06152125279642064 0.15883668903803133
7 0.7818791940199374 0.5033557046979865 0.07382550335570472 0.15659955257270702
20 0.6017897091722595 0.40268456375838924 0.11409395973154353 0.02684563758389267
19 0.4222595078299776 0.4054809843400447 0.09507829977628632 0.034675615212528044
24 0.5542505592841164 0.6761744966442953 0.3769574944071588 0.2069351230425056
29 0.5704697986577181 0.15268456375838926 0.4340044742729306 0.15995525727069348
10 0.548657718120805 0.5833333280640189 0.3881431767337802 0.39709173313370594
5 0.5514541381690861 0.453579418344519 0.3892617460331928 0.6610738255033557
42 0.5531319910514542 0.5145413870246085 0.39038031319910516 0.5458612975391498
