38 0.4972035794183445 0.5078299776286354 0.07718120805369125 0.12304250559284113
17 0.4155480984340045 0.4317673378076063 0.11297539149888144 0.06487695749440718
18 0.5838926174496645 0.43791946308724833 0.10290827740492176 0.06375838926174496
20 0.5682326621923938 0.3993288590604027 0.08053691275167779 0.013422818791946298
19 0.4217002237136465 0.39821029082774045 0.087248322147651 0.008948545861297532
24 0.5441834451901566 0.6498881431767337 0.3769574944071588 0.16554809843400442
7 0.7472035794183447 0.47762863534675615 0.07606263982102902 0.1521252796420582
33 0.5357941834451901 0.18288590604026844 0.3131991051454138 0.15324384787472034
10 0.5329977628635347 0.5016778523489933 0.32997762863534674 0.4530201342281879
0 0.535234899328859 0.5050335570469798 0.33445190156599536 0.46644295302013417
25 0.5626398210290827 0.4110738255033557 0.45861297539149887 0.7013422818791946
42 0.5296420581655481 0.5184563758389261 0.32550335570469796 0.4955257270693512
