38 0.5044742734652169 0.5346756152125279 0.11185682326621929 0.10067114093959724
17 0.4099552572706935 0.45525727069351235 0.0973154362416107 0.04474272930648773
18 0.5917225950782998 0.44910514541387025 0.09395973154362408 0.04138702460850112
36 0.5083892617449665 0.6476510067114094 0.18232662192393734 0.08053691275167786
6 0.29082774049217003 0.535234899328859 0.05369127516778526 0.1465324384787472
7 0.7449664429530202 0.517897091722595 0.05369127516778534 0.15212527964205813
19 0.40604026845637586 0.41498881431767337 0.10067114093959731 0.026845637583892596
20 0.5950782997762863 0.4088366890380313 0.11185682326621922 0.041387024608501195
23 0.5067114093959731 0.6241610738255033 0.20357941834451893 0.04250559284116328
30 0.5106263982102909 0.2477628635346756 0.4955257270693512 0.23378076062639822
39 0.5067114093959731 0.49832214765100674 0.35123042505592833 0.5313199105145414
9 0.5072706935123042 0.49832214765100674 0.35906040268456385 0.5335570469798657
3 0.5106263938573793 0.4479865770284743 0.4910514541387025 0.6387024608501118
