38 0.5016778523489933 0.5201342281879193 0.07941834451901564 0.11633109619686799
18 0.5950782997762863 0.4479865771812081 0.10738255033557059 0.05480984340044742
17 0.40659955257270697 0.44910514541387025 0.10178970917225953 0.03691275167785236
36 0.49944071588366895 0.6403803131991052 0.13758389261744974 0.04809843400447427
6 0.2958612964700137 0.43791946308724833 0.04586129753914989 0.1196868008948546
7 0.7237136465324384 0.494407158836689 0.05369127516778519 0.12304250559284113
19 0.423937360178971 0.4205816554809843 0.11633109619686799 0.02684563758389267
20 0.581096196868009 0.4082774049217002 0.12192393736017898 0.02908277404921705
21 0.5285234899328859 0.6672259507829977 0.3366890380313199 0.1554809843400448
29 0.5257270672129581 0.17058165502278314 0.4340044742729306 0.1331096196868009
14 0.511185682326622 0.5218120805369127 0.37360178970917224 0.4463087248322148
42 0.511744966442953 0.5206935123042505 0.37919463087248323 0.44854586129753926
26 0.5279641972825564 0.4586928749511172 0.4429530372022249 0.5591243172118594
2 0.5296420496315497 0.45533717025313064 0.4485458783655358 0.5747842724691301
