38 0.5050335570469798 0.5335570469798657 0.10402684563758385 0.07606263982102902
17 0.40268456375838924 0.44407158836689037 0.08277404921700217 0.055928411633109576
18 0.5749440715883669 0.44183445190156595 0.0760626398210291 0.04697986577181212
36 0.5078299776286354 0.6375838926174496 0.1498881431767338 0.040268456375838965
6 0.23434004474272932 0.5162192393736018 0.0704697986577181 0.1465324384787472
7 0.6834451901565995 0.4960850111856823 0.03803131991051444 0.11073825503355707
19 0.4071588368417718 0.40548098395821036 0.09619686800894854 0.01901565995525729
20 0.5727069351230425 0.40268456375838924 0.087248322147651 0.02237136465324376
24 0.4725950782997762 0.6728187919463088 0.3635346756152124 0.1845637583892617
27 0.45749440715883666 0.17785234899328858 0.4161073825503356 0.10067114093959731
10 0.4714765100671141 0.4977628635346755 0.3724832214765101 0.5346756152125279
0 0.47371364653243847 0.44742729306487694 0.3747203579418345 0.6375838926174496
26 0.4558165548098434 0.44910514541387025 0.41275167785234906 0.6409395973154361
42 0.4725950782997763 0.49832214765100674 0.38366890380313196 0.5335570469798657
