38 0.505592841163311 0.5201342281879195 0.11633109619686799 0.07382550335570465
17 0.40604026845637575 0.4479865771812081 0.08501118568232663 0.0436241610738255
18 0.5844519015659955 0.44686800894854584 0.06823266219239371 0.04586129753914989
36 0.5072706935123042 0.66331096196868 0.1465324384787472 0.06040268456375841
6 0.24384787472035796 0.6034675615212528 0.09395973154362419 0.1062639821029083
7 0.6951901565995526 0.5777404921700223 0.03691275167785221 0.11073825503355707
19 0.39149888143176736 0.4155480984340045 0.10067114093959738 0.01901565995525722
29 0.44966442953020136 0.2069351230425056 0.3467561521252796 0.10067114093959732
23 0.506152125279642 0.5995525727069351 0.20022371364653246 0.060402684563758344
16 0.4815436236265058 0.6085011188737002 0.347874720357942 0.43624161073825507
2 0.4876957494407158 0.5564876957494407 0.3579418344519014 0.5648769574944071
42 0.5145413870246085 0.5665548098434005 0.3109619686800895 0.5671140939597314
26 0.4703579418344519 0.5100671140939597 0.41275167785234906 0.7091722595078299
