38 0.5089485458612976 0.5195749434606534 0.12304250559284113 0.09060402684563755
17 0.3931767337807607 0.46868008948545864 0.09507829977628639 0.033557046979865744
18 0.5777404921700223 0.45917225950782997 0.08612975391498892 0.034675615212527905
36 0.5039149888143177 0.6493288590604027 0.2114093959731543 0.06375838926174487
6 0.23601789709172258 0.6118568232662193 0.09619686800894858 0.1521252796420582
19 0.39709172206051013 0.4177852360448319 0.13199105145413867 0.03691275167785236
20 0.5950782997762863 0.4077181208053691 0.10738255033557059 0.04138702460850112
24 0.47762863534675615 0.6845637583892618 0.4049217002237137 0.2192393736017897
12 0.48154362416107377 0.5917225950782998 0.3993288590604026 0.40715883668903813
0 0.4787472035794184 0.5430648769574944 0.41834451901566 0.5111856823266219
26 0.4916107382550335 0.5508948545861297 0.3993288590604026 0.4955257270693512
42 0.488814317673378 0.5486577181208054 0.407158836689038 0.5089485458612976
31 0.47539149888143184 0.2225950782997763 0.42281879194630884 0.12527964205816555
