38 0.5050335570469798 0.5257270693512304 0.09955257270693522 0.0894854586129754
17 0.40380313199105144 0.45805369127516776 0.06935123042505595 0.027964205816554823
18 0.5682326621923938 0.4535794183445191 0.0760626398210291 0.03691275167785228
6 0.23881431767337807 0.5453020134228188 0.10850111856823265 0.19127516778523485
19 0.407158836689038 0.4133109619686801 0.10961968680089484 0.027964205816554823
20 0.5727069351230426 0.40939597315436244 0.09619686800894854 0.02684563758389267
21 0.47091722541621495 0.668344520161163 0.389261744966443 0.18903803131991048
36 0.49944071588366895 0.6359060402684564 0.1554809843400448 0.041387024608501195
31 0.4228187919463087 0.21812080536912754 0.3668903803131991 0.12304250559284116
14 0.4580536912751678 0.563758389261745 0.4284116331096197 0.39373601789709184
3 0.45525727069351235 0.46979865771812085 0.43400447427293076 0.6040268456375839
42 0.4619686800894855 0.5257270693512304 0.4272930648769575 0.48769574944071586
