38 0.500559284116331 0.5290827740492169 0.11521252796420577 0.09843400447427292
17 0.3998881431767337 0.4558165548098434 0.09731543624161076 0.03914988814317674
18 0.5961968680089486 0.4558165548098434 0.10961968680089491 0.03914988814317674
36 0.4994407158836689 0.6409395973154364 0.23154362416107374 0.08501118568232656
6 0.27293064876957496 0.5223713646532439 0.07606263982102907 0.20134228187919462
7 0.7712527964205816 0.48713646532438476 0.092841163310962 0.20469798657718122
19 0.4038031317619509 0.4149888146231408 0.11185682326621922 0.026845637583892596
20 0.5917225950782998 0.4161073825503355 0.13199105145413867 0.02908277404921698
24 0.517897091722595 0.674496644295302 0.40268456375838924 0.20357941834451893
29 0.4938478747203579 0.2063758389261745 0.4395973154362416 0.19798657718120807
12 0.5145413870246085 0.5408277404921701 0.41163310961968674 0.46868008948545864
0 0.5083892532109681 0.474352830208388 0.4284116501776165 0.6061041829836714
42 0.5151006711409397 0.5397091722595079 0.4172259507829979 0.4686800894854586
