38 0.4927293067931633 0.5313199098272396 0.12639821029082776 0.07382550335570465
17 0.412751677852349 0.45861297539149887 0.087248322147651 0.03579418344519013
18 0.5939597315436241 0.4558165548098434 0.10290827740492169 0.027964205816554753
36 0.506152125279642 0.6426174496644296 0.2203579418344519 0.06823266219239386
7 0.7902684563758389 0.569910514541387 0.06599552572706927 0.16442953020134232
6 0.3126398210290828 0.5732662192393735 0.032438478747203625 0.15995525727069343
20 0.6051454138702461 0.41219239373601796 0.13646532438478742 0.030201342281879207
19 0.4060402686091096 0.40883668934349887 0.098434004474273 0.021252796420581675
28 0.5324384787472036 0.21532438478747204 0.3668903803131991 0.11073825503355701
12 0.5251678049375521 0.5458612983791854 0.37248322147651003 0.3713646532438479
21 0.534675615212528 0.7729306487695748 0.3937360178970918 0.1789709172259508
23 0.5044742729306487 0.58668903803132 0.19239373601789708 0.021252796420581675
5 0.5268456375838926 0.5374720357941833 0.37583892617449666 0.5313199105145414
42 0.5279642058165548 0.5374720357941833 0.37807606263982096 0.529082774049217
26 0.5268456375838926 0.511744966442953 0.3803131991051453 0.7013422818791946
