38 0.4944071591421566 0.5318791942490381 0.08053691275167787 0.08165548098434007
38 0.12080536950935114 0.7969798657718121 0.07158836689038033 0.0659955257270694
17 0.05480984340044743 0.732102908277405 0.06711409395973154 0.05257270693512311
17 0.4222595078299776 0.45917225950782997 0.08165548098434001 0.03691275167785236
18 0.592841163310962 0.4614093959731544 0.06935123042505602 0.03243847874720359
18 0.18288590604026844 0.7130872483221476 0.07270693512304252 0.0480984340044742
36 0.4955257270693512 0.6291946308724833 0.14317673378076065 0.03914988814317681
36 0.12807606263982105 0.8719239373601789 0.08389261744966443 0.032438478747203445
7 0.7684563758389261 0.5738255033557047 0.06263982102908272 0.1431767337807605
7 0.3316554809843401 0.8008948545861299 0.04586129753914992 0.06040268456375841
23 0.12975391483608056 0.8411633116492703 0.12751677852348992 0.020134228187919375
27 0.5631991051454138 0.2371364653243848 0.401565995525727 0.11185682326621922
0 0.5335570472089651 0.44798658119046897 0.3400447427293065 0.5335570389613449
14 0.5341163314780313 0.5564876952912394 0.343400447427293 0.32774049217002227
42 0.5397091722595078 0.5078299773995347 0.35234899328859065 0.4295302013422818
31 0.16554809843400448 0.5732662171774682 0.33109619686800895 0.09060402684563762
40 0.1504474770842644 0.8020134221314901 0.2404921700223714 0.31543624161073824
0 0.14988819220426464 0.746644297898487 0.2639821029082774 0.43064876957494397
20 0.17561521252796422 0.6705816554809843 0.08501118568232663 0.02348993288590606
19 0.05313199105145414 0.685682326621924 0.06375838926174497 0.02908277404921705
19 0.4295302013422819 0.4138702460850112 0.10961968680089484 0.033557046979865744
20 0.5939597315436241 0.41498881431767337 0.13199105145413867 0.044742729306487664
14 0.12639821036719462 0.7813199104381745 0.2371364653243848 0.2874720357941834
26 0.5458612975391499 0.4558165548098434 0.3400447427293065 0.5469798657718121
26 0.1476510067114094 0.7913870246085011 0.25727069351230425 0.35011185682326634
