38 0.4977628635346755 0.500559284116331 0.08724832214765094 0.11521252796420577
17 0.4133109619686801 0.4429530201342282 0.09060402684563755 0.04697986577181212
18 0.5956375838926175 0.44742729306487694 0.10178970917225946 0.04250559284116335
36 0.5022371364653244 0.6308724832214766 0.14765100671140943 0.0357941834451902
7 0.7348993288590603 0.5206935123042505 0.03803131991051444 0.13758389261744966
19 0.40268456375838924 0.4088366890380313 0.10738255033557045 0.01901565995525722
20 0.5989932885906041 0.4099552572706935 0.12863534675615226 0.03243847874720359
24 0.5313199105145414 0.6756152125279642 0.360178970917226 0.22147651006711422
29 0.5167785234899328 0.19854586129753915 0.4161073825503355 0.1487695749440716
14 0.5274049217002237 0.5324384787472035 0.37695749440715887 0.5167785234899328
0 0.5296420581655482 0.4541387024608502 0.38814317673378085 0.6823266219239374
42 0.5302013422818792 0.5346756152125279 0.39149888143176736 0.5212527964205818
26 0.5313199105145414 0.5341163310961968 0.39149888143176725 0.529082774049217
