38 0.5111856823266219 0.5307606263982102 0.08277404921700224 0.10850111856823261
17 0.4239373601789709 0.46979865771812085 0.09172259507829977 0.06263982102908279
18 0.5643176733780761 0.465324384787472 0.0682326621923938 0.055928411633109645
36 0.5173378076062639 0.656599552572707 0.12416107382550337 0.10961968680089491
6 0.26789709172259507 0.535234899328859 0.08389261744966443 0.1398210290827741
7 0.6381431767337807 0.5419463087248322 0.034675615212527905 0.13310961968680082
19 0.41666666666666663 0.4099552572706935 0.092841163310962 0.04362416107382558
20 0.5665548098434005 0.3976510067114094 0.09060402684563762 0.05257270693512304
24 0.46812080536912754 0.7046979865771812 0.30313199105145416 0.19463087248322147
29 0.4474272930648769 0.28355704697986583 0.41387024608501116 0.16890380313199105
16 0.43791946308724833 0.500559284116331 0.37024608501118567 0.6029082774049216
5 0.4407158836689038 0.49608501118568227 0.37807606263982096 0.6073825503355704
26 0.44407158836689037 0.5005592841163311 0.3803131991051454 0.6073825503355705
42 0.4781879194630872 0.5631991051454139 0.3165548098434004 0.4776286353467561
