38 0.4988814317673378 0.5318791946308725 0.09395973154362416 0.09955257270693516
17 0.4133109619686801 0.4446308724832215 0.09507829977628632 0.050335570469798654
18 0.587248322147651 0.4373601789709172 0.10738255033557045 0.04697986577181212
7 0.7544742729306487 0.4463087248322148 0.05480984340044756 0.17002237136465326
6 0.31599552572706935 0.47651006711409394 0.0615212527964206 0.10738255033557045
24 0.5268456375838926 0.6778523489932886 0.308724832214765 0.18791946308724833
30 0.5246085011185683 0.13982102908277405 0.4407158836689039 0.1476510067114094
20 0.5900447427293064 0.4021252796420582 0.10850111856823261 0.030201342281879207
14 0.5123042505592841 0.575503355704698 0.35123042505592844 0.4015659955257269
26 0.5156599552572707 0.4228187919463087 0.34675615212527966 0.7114093959731543
42 0.5206935123042505 0.505592841163311 0.3456375838926175 0.5548098434004476
